[gd_scene load_steps=22 format=3 uid="uid://c41fvo10jkdma"]

[ext_resource type="Material" uid="uid://c3rj5ftppd5dq" path="res://Resources/Materials/basic_wood_material.tres" id="1_fe3qe"]
[ext_resource type="Material" uid="uid://dfrp2bmqtphlu" path="res://Resources/Materials/basic_floor_material.tres" id="1_fhlhk"]
[ext_resource type="PackedScene" uid="uid://ghsf77xm1m3o" path="res://Scenes/Objects/Furniture/basic_table.tscn" id="2_1dxgb"]
[ext_resource type="Material" uid="uid://cidavfhvfnifm" path="res://Resources/Materials/basic_wall_material.tres" id="2_05hm8"]
[ext_resource type="Material" uid="uid://7osme1sal87l" path="res://Resources/Materials/basic_ceiling_material.tres" id="3_aknbd"]
[ext_resource type="PackedScene" uid="uid://bg40va80q0ma4" path="res://Scenes/Objects/Furniture/basic_door.tscn" id="4_nee0r"]
[ext_resource type="PackedScene" uid="uid://c88a03y3t1sox" path="res://Scenes/Objects/Furniture/basic_chair.tscn" id="5_k4a13"]
[ext_resource type="PackedScene" uid="uid://bd0nqi20bb2m8" path="res://Scenes/Objects/Furniture/basic_fireplace.tscn" id="5_mtak3"]
[ext_resource type="PackedScene" uid="uid://dvukxgv0ubqk3" path="res://Scenes/Objects/Furniture/basic_candle.tscn" id="9_tx5j4"]
[ext_resource type="PackedScene" uid="uid://du0sda5rvmc1h" path="res://Scenes/Objects/Misc/basic_skeleton.tscn" id="10_vvukb"]
[ext_resource type="PackedScene" uid="uid://cco2m1ecd7fe5" path="res://Scenes/Objects/Misc/test_box.tscn" id="11_7yymd"]

[sub_resource type="BoxShape3D" id="BoxShape3D_q0ejg"]
size = Vector3(0.3, 4, 0.3)

[sub_resource type="BoxMesh" id="BoxMesh_e3wno"]
material = ExtResource("1_fe3qe")

[sub_resource type="WorldBoundaryShape3D" id="WorldBoundaryShape3D_6gt3a"]

[sub_resource type="PlaneMesh" id="PlaneMesh_7fpy2"]
material = ExtResource("1_fhlhk")

[sub_resource type="BoxShape3D" id="BoxShape3D_hmpny"]
size = Vector3(8, 0.1, 16)

[sub_resource type="QuadMesh" id="QuadMesh_hhp7a"]
material = ExtResource("3_aknbd")

[sub_resource type="BoxShape3D" id="BoxShape3D_cx5th"]
size = Vector3(8, 4, 0.1)

[sub_resource type="QuadMesh" id="QuadMesh_3igxq"]
material = ExtResource("2_05hm8")

[sub_resource type="WorldBoundaryShape3D" id="WorldBoundaryShape3D_psyed"]

[sub_resource type="QuadMesh" id="QuadMesh_3ub3e"]
material = ExtResource("2_05hm8")

[node name="ProtoLevel" type="Node3D"]

[node name="GeneralLayout" type="Node3D" parent="."]

[node name="Beams" type="Node3D" parent="GeneralLayout"]
transform = Transform3D(1, 0, 0, 0, 2, 0, 0, 0, 1, 0, 0, 0)

[node name="Beam" type="StaticBody3D" parent="GeneralLayout/Beams"]
transform = Transform3D(0.866025, 0, -0.5, 0, 1, 0, 0.5, 0, 0.866025, -4, 0, 4)

[node name="CollisionShape3D" type="CollisionShape3D" parent="GeneralLayout/Beams/Beam"]
transform = Transform3D(1, 0, 0, 0, 1, 0, 0, 0, 1, 0, 2, 0)
shape = SubResource("BoxShape3D_q0ejg")

[node name="MeshInstance3D" type="MeshInstance3D" parent="GeneralLayout/Beams/Beam"]
transform = Transform3D(0.3, 0, 0, 0, 4, 0, 0, 0, 0.3, 0, 2, 0)
mesh = SubResource("BoxMesh_e3wno")

[node name="Beam2" type="StaticBody3D" parent="GeneralLayout/Beams"]
transform = Transform3D(0.866025, 0, 0.5, 0, 1, 0, -0.5, 0, 0.866025, 4, 0, 4)

[node name="CollisionShape3D" type="CollisionShape3D" parent="GeneralLayout/Beams/Beam2"]
transform = Transform3D(1, 0, 0, 0, 1, 0, 0, 0, 1, 0, 2, 0)
shape = SubResource("BoxShape3D_q0ejg")

[node name="MeshInstance3D" type="MeshInstance3D" parent="GeneralLayout/Beams/Beam2"]
transform = Transform3D(0.3, 0, 0, 0, 4, 0, 0, 0, 0.3, 0, 2, 0)
mesh = SubResource("BoxMesh_e3wno")

[node name="Beam3" type="StaticBody3D" parent="GeneralLayout/Beams"]
transform = Transform3D(0.258819, 0, 0.965926, 0, 1, 0, -0.965926, 0, 0.258819, 2, 0, 7.43)

[node name="CollisionShape3D" type="CollisionShape3D" parent="GeneralLayout/Beams/Beam3"]
transform = Transform3D(1, 0, 0, 0, 1, 0, 0, 0, 1, 0, 2, 0)
shape = SubResource("BoxShape3D_q0ejg")

[node name="MeshInstance3D" type="MeshInstance3D" parent="GeneralLayout/Beams/Beam3"]
transform = Transform3D(0.3, 0, 0, 0, 4, 0, 0, 0, 0.3, 0, 2, 0)
mesh = SubResource("BoxMesh_e3wno")

[node name="Beam4" type="StaticBody3D" parent="GeneralLayout/Beams"]
transform = Transform3D(0.258819, 0, -0.965926, 0, 1, 0, 0.965926, 0, 0.258819, -2, 0, 7.43)

[node name="CollisionShape3D" type="CollisionShape3D" parent="GeneralLayout/Beams/Beam4"]
transform = Transform3D(1, 0, 0, 0, 1, 0, 0, 0, 1, 0, 2, 0)
shape = SubResource("BoxShape3D_q0ejg")

[node name="MeshInstance3D" type="MeshInstance3D" parent="GeneralLayout/Beams/Beam4"]
transform = Transform3D(0.3, 0, 0, 0, 4, 0, 0, 0, 0.3, 0, 2, 0)
mesh = SubResource("BoxMesh_e3wno")

[node name="Beam5" type="StaticBody3D" parent="GeneralLayout/Beams"]
transform = Transform3D(1, 0, 0, 0, 1, 0, 0, 0, 1, 4, 0, -4)

[node name="CollisionShape3D" type="CollisionShape3D" parent="GeneralLayout/Beams/Beam5"]
transform = Transform3D(1, 0, 0, 0, 1, 0, 0, 0, 1, 0, 2, 0)
shape = SubResource("BoxShape3D_q0ejg")

[node name="MeshInstance3D" type="MeshInstance3D" parent="GeneralLayout/Beams/Beam5"]
transform = Transform3D(0.3, 0, 0, 0, 4, 0, 0, 0, 0.3, 0, 2, 0)
mesh = SubResource("BoxMesh_e3wno")

[node name="Beam6" type="StaticBody3D" parent="GeneralLayout/Beams"]
transform = Transform3D(1, 0, 0, 0, 1, 0, 0, 0, 1, -4, 0, -4)

[node name="CollisionShape3D" type="CollisionShape3D" parent="GeneralLayout/Beams/Beam6"]
transform = Transform3D(1, 0, 0, 0, 1, 0, 0, 0, 1, 0, 2, 0)
shape = SubResource("BoxShape3D_q0ejg")

[node name="MeshInstance3D" type="MeshInstance3D" parent="GeneralLayout/Beams/Beam6"]
transform = Transform3D(0.3, 0, 0, 0, 4, 0, 0, 0, 0.3, 0, 2, 0)
mesh = SubResource("BoxMesh_e3wno")

[node name="Structure" type="Node3D" parent="GeneralLayout"]

[node name="Floor" type="StaticBody3D" parent="GeneralLayout/Structure"]

[node name="CollisionShape3D" type="CollisionShape3D" parent="GeneralLayout/Structure/Floor"]
shape = SubResource("WorldBoundaryShape3D_6gt3a")

[node name="MeshInstance3D" type="MeshInstance3D" parent="GeneralLayout/Structure/Floor"]
transform = Transform3D(10, 0, 0, 0, 10, 0, 0, 0, 10, 0, 0, 0)
mesh = SubResource("PlaneMesh_7fpy2")

[node name="Ceiling" type="StaticBody3D" parent="GeneralLayout/Structure"]
transform = Transform3D(1, 0, 0, 0, 0.965926, 0.258819, 0, -0.258819, 0.965926, 0, 5, 0)

[node name="CollisionShape3D" type="CollisionShape3D" parent="GeneralLayout/Structure/Ceiling"]
shape = SubResource("BoxShape3D_hmpny")

[node name="MeshInstance3D" type="MeshInstance3D" parent="GeneralLayout/Structure/Ceiling"]
transform = Transform3D(8, 0, 0, 0, -6.99382e-07, -1, 0, 16, -4.37114e-08, 0, 0, 0)
mesh = SubResource("QuadMesh_hhp7a")

[node name="Walls" type="Node3D" parent="GeneralLayout/Structure"]
transform = Transform3D(1, 0, 0, 0, 2, 0, 0, 0, 1, 0, 0, 0)

[node name="NorthWall" type="StaticBody3D" parent="GeneralLayout/Structure/Walls"]
transform = Transform3D(1, 0, 0, 0, 1, 0, 0, 0, 1, 0, 0, 7.43)

[node name="CollisionShape3D" type="CollisionShape3D" parent="GeneralLayout/Structure/Walls/NorthWall"]
transform = Transform3D(-1, 0, -8.74228e-08, 0, 1, 0, 8.74228e-08, 0, -1, 0, 2, 0)
shape = SubResource("BoxShape3D_cx5th")

[node name="MeshInstance3D" type="MeshInstance3D" parent="GeneralLayout/Structure/Walls/NorthWall"]
transform = Transform3D(-4, 0, -8.74228e-08, 0, 4, 0, 3.49691e-07, 0, -1, 0, 2, 0)
mesh = SubResource("QuadMesh_3igxq")

[node name="NorthWall2" type="StaticBody3D" parent="GeneralLayout/Structure/Walls"]
transform = Transform3D(0.5, 0, 0.866025, 0, 1, 0, -0.866025, 0, 0.5, 3, 0, 5.7)

[node name="CollisionShape3D" type="CollisionShape3D" parent="GeneralLayout/Structure/Walls/NorthWall2"]
transform = Transform3D(1, 0, 0, 0, 1, 0, 0, 0, 1, 0, 2, 0)
shape = SubResource("BoxShape3D_cx5th")

[node name="MeshInstance3D" type="MeshInstance3D" parent="GeneralLayout/Structure/Walls/NorthWall2"]
transform = Transform3D(-4, 0, -1.50996e-07, 0, 4, 0, 6.03983e-07, 0, -1, 0, 2, 0)
mesh = SubResource("QuadMesh_3igxq")

[node name="NorthWall3" type="StaticBody3D" parent="GeneralLayout/Structure/Walls"]
transform = Transform3D(0.5, 0, -0.866025, 0, 1, 0, 0.866025, 0, 0.5, -3, 0, 5.7)

[node name="CollisionShape3D" type="CollisionShape3D" parent="GeneralLayout/Structure/Walls/NorthWall3"]
transform = Transform3D(1, 0, 0, 0, 1, 0, 0, 0, 1, 0, 2, 0)
shape = SubResource("BoxShape3D_cx5th")

[node name="MeshInstance3D" type="MeshInstance3D" parent="GeneralLayout/Structure/Walls/NorthWall3"]
transform = Transform3D(-4, 0, -1.50996e-07, 0, 4, 0, 6.03983e-07, 0, -1, 0, 2, 0)
mesh = SubResource("QuadMesh_3igxq")

[node name="SouthWall" type="StaticBody3D" parent="GeneralLayout/Structure/Walls"]
transform = Transform3D(1, 0, 0, 0, 1, 0, 0, 0, 1, 0, 0, -4)

[node name="CollisionShape3D" type="CollisionShape3D" parent="GeneralLayout/Structure/Walls/SouthWall"]
transform = Transform3D(1, 0, 0, 0, -4.37114e-08, -1, 0, 1, -4.37114e-08, 0, 0, 0)
shape = SubResource("WorldBoundaryShape3D_psyed")

[node name="MeshInstance3D" type="MeshInstance3D" parent="GeneralLayout/Structure/Walls/SouthWall"]
transform = Transform3D(8, 0, 0, 0, 4, 0, 0, 0, 1, 0, 2, 0)
mesh = SubResource("QuadMesh_3ub3e")

[node name="WestWall" type="StaticBody3D" parent="GeneralLayout/Structure/Walls"]
transform = Transform3D(1, 0, 0, 0, 1, 0, 0, 0, 1, 4, 0, 0)

[node name="CollisionShape3D" type="CollisionShape3D" parent="GeneralLayout/Structure/Walls/WestWall"]
transform = Transform3D(-4.37114e-08, 0, -1, 0, 1, 0, 1, 0, -4.37114e-08, 0, 2, 0)
shape = SubResource("BoxShape3D_cx5th")

[node name="MeshInstance3D" type="MeshInstance3D" parent="GeneralLayout/Structure/Walls/WestWall"]
transform = Transform3D(-3.49691e-07, 0, -1, 0, 4, 0, 8, 0, -4.37114e-08, 0, 2, 0)
mesh = SubResource("QuadMesh_3igxq")

[node name="UnlabeledObjects" type="Node3D" parent="."]

[node name="BasicChair" parent="UnlabeledObjects" instance=ExtResource("5_k4a13")]
transform = Transform3D(1, 0, 0, 0, 1, 0, 0, 0, 1, 0, 0, 4.95032)

[node name="BasicTable" parent="UnlabeledObjects" instance=ExtResource("2_1dxgb")]
transform = Transform3D(-1, 0, -1.50996e-07, 0, 1, 0, 1.50996e-07, 0, -1, 0, 0, 6)

[node name="Fireplace" parent="UnlabeledObjects" instance=ExtResource("5_mtak3")]
transform = Transform3D(-4.37114e-08, 0, 1, 0, 1, 0, -1, 0, -4.37114e-08, -4, 0, 0)

[node name="TestCandle1" parent="UnlabeledObjects" instance=ExtResource("9_tx5j4")]
transform = Transform3D(1, 0, 0, 0, 0.923879, -0.382683, 0, 0.382683, 0.923879, 2, 1, -4)

[node name="TestCandle2" parent="UnlabeledObjects" instance=ExtResource("9_tx5j4")]
transform = Transform3D(1, 0, 0, 0, 0.923879, -0.382683, 0, 0.382683, 0.923879, -2, 1, -4)

[node name="TestCandle3" parent="UnlabeledObjects" instance=ExtResource("9_tx5j4")]
transform = Transform3D(-4.37114e-08, -0.382683, -0.923879, 0, 0.923879, -0.382683, 1, -1.67276e-08, -4.0384e-08, 3.76281, 0.227564, -1.32214)

[node name="TestCandle4" parent="UnlabeledObjects" instance=ExtResource("9_tx5j4")]
transform = Transform3D(-4.37114e-08, -0.382683, -0.92388, 0, 0.923879, -0.382683, 1, -1.67276e-08, -4.03841e-08, 3.76281, 0.227564, 1.34558)

[node name="TestCandle5" parent="UnlabeledObjects" instance=ExtResource("9_tx5j4")]
transform = Transform3D(-1, -3.34552e-08, -8.07681e-08, 0, 0.923879, -0.382683, 8.74228e-08, -0.382683, -0.923879, 0, 1.65637, 7.43599)

[node name="BasicDoor" parent="UnlabeledObjects" instance=ExtResource("4_nee0r")]
transform = Transform3D(-4.37114e-08, 0, -1, 0, 1, 0, 1, 0, -4.37114e-08, 3.97235, 0, 0)

[node name="LocalAmbiance" type="Node3D" parent="."]

[node name="LocalAudio" type="Node3D" parent="LocalAmbiance"]

[node name="LocalEnv" type="WorldEnvironment" parent="LocalAmbiance"]

[node name="LocalLights" type="Node3D" parent="LocalAmbiance"]

[node name="LabeledObjects" type="Node3D" parent="."]

[node name="BasicSkeleton" parent="LabeledObjects" instance=ExtResource("10_vvukb")]
transform = Transform3D(0.063518, -0.2981, 0.952419, 0.317333, 0.910848, 0.263925, -0.946185, 0.28547, 0.152452, 0, 0.362269, 5.65497)

[node name="TestBox" parent="." instance=ExtResource("11_7yymd")]
transform = Transform3D(1, 0, 0, 0, 1, 0, 0, 0, 1, 0, 0.8791, 3.24752)
visible = false
